{
	"asset": {
		"generator": "SOLIDWORKSGLTF",
		"version" : "2.0"
	},
"extensionsUsed": [ "KHR_lights_punctual", "Solidworks_custom_properties", "KHR_draco_mesh_compression"],
"extensionsRequired": [ "KHR_draco_mesh_compression" ],
	"scene" : 0,
	"scenes": [
		{
			"name": "Default - Display State-1",
			"nodes": [
				0, 1],
			"extensions": {
				"Solidworks_custom_properties": { 
					"data": "LUhqcyAUTkAJKlJJHhMIRkZIRw43WFdjWVpyPCQ8c1c0LTpDWEdXQFBYZB0GABAJTFtPWQMQSEkjBggLGg0XDD9RUSRBQAkUbBhKbA8VeEFWCRRZTAo7Hx5hQS5MTlkXWiMRLkhqcyA/JE5afFNFLAZYExYPcRsqWAZtQ1hfV0FAH3wHBGNTTHYEGGpIbg8QY09aC0JURR98BwRjNx9RQg8VB3I3LUhqcyA/VhVYMFxJJEFACRRsQA42UlZjT1oLQExZDzsfHmFBEkhEWVgbKVwGbUNYXU9dUFhkHQYVBgJdFA1IcFc0LUhqAAA="				}
			}

		}
	],
	"nodes": [
		{
			"matrix": [
				0.935435,					0.0823508,					-0.343774,					0,
				-0.222303,					0.893164,					-0.390946,					0,
				0.274852,					0.442127,					0.853803,					0,
				13.1832,					23.5894,					45.575,					1
			]
			,"camera": 0
			,"name": "current"		}
,
		{
			"children": [
				2, 3, 4, 5, 6, 7, 8, 9, 10, 11, 12, 13, 14, 15, 16, 17, 18, 19, 20, 21, 22, 23, 24, 25, 26, 27, 28, 29, 30, 31, 32, 33, 34, 35, 36, 37, 38, 39, 40, 41, 42, 43, 44, 45, 46, 47, 48, 49, 50, 51, 52, 53, 54, 55, 56, 57, 69, 70, 71, 72, 73, 74, 75, 76, 77, 78, 79, 80, 81, 82, 83, 84, 85, 86, 87, 88, 89, 90, 91, 92, 93, 94, 95, 96, 97, 98, 99, 100, 101
			]
			,"name": "Drivetrain_Assembly"		}
,
		{
			"matrix": [
				-0.976648,					-2.61777e-15,					-0.214846,					0,
				0.214846,					-6.44879e-16,					-0.976648,					0,
				2.41809e-15,					-1,					1.19224e-15,					0,
				-1.63581,					0.0926954,					0.286652,					1
			]
			,"mesh": 0
			,"name": "Chain link-8"		}
,
		{
			"matrix": [
				-0.959596,					-2.03227e-15,					0.281382,					0,
				-0.281382,					-1.46331e-15,					-0.959596,					0,
				2.36191e-15,					-1,					8.32344e-16,					0,
				-1.48203,					0.0926954,					0.248715,					1
			]
			,"mesh": 1
			,"name": "Chain link-13"		}
,
		{
			"matrix": [
				-0.497489,					0.593584,					-0.632584,					0,
				0.141938,					0.775101,					0.615688,					0,
				0.855779,					0.21651,					-0.469856,					0,
				-1.80791,					0.210323,					-0.585406,					1
			]
			,"mesh": 2
			,"name": "Chain link Male-22"		}
,
		{
			"matrix": [
				-0.508539,					0.593584,					-0.623736,					0,
				0.152746,					0.775101,					0.613096,					0,
				0.847382,					0.21651,					-0.484837,					0,
				-1.85106,					0.210323,					-0.589937,					1
			]
			,"mesh": 3
			,"name": "Chain link Male-23"		}
,
		{
			"matrix": [
				0.959596,					1.20706e-15,					0.281382,					0,
				-0.281382,					6.89819e-16,					0.959596,					0,
				9.64187e-16,					-1,					1.00159e-15,					0,
				-1.53217,					0.0926954,					0.142982,					1
			]
			,"mesh": 4
			,"name": "Chain link-20"		}
,
		{
			"matrix": [
				-0.986812,					-2.21229e-15,					0.161868,					0,
				-0.161868,					-1.29212e-15,					-0.986812,					0,
				2.39227e-15,					-1,					9.16985e-16,					0,
				-1.6042,					0.0926954,					0.284505,					1
			]
			,"mesh": 5
			,"name": "Chain link-9"		}
,
		{
			"matrix": [
				0.161497,					-1.56287e-15,					-0.986873,					0,
				0.986873,					1.93508e-15,					0.161497,					0,
				1.65728e-15,					-1,					1.85486e-15,					0,
				-1.70948,					0.0926954,					0.197535,					1
			]
			,"mesh": 6
			,"name": "Chain link-4"		}
,
		{
			"matrix": [
				-0.489992,					0.593584,					-0.638409,					0,
				0.134665,					0.775101,					0.61732,					0,
				0.861263,					0.21651,					-0.459728,					0,
				-1.67729,					0.210323,					-0.552247,					1
			]
			,"mesh": 7
			,"name": "Chain link Male-18"		}
,
		{
			"matrix": [
				0.0634945,					4.98514e-16,					0.997982,					0,
				-0.997982,					-1.52504e-15,					0.0634945,					0,
				1.55361e-15,					-1,					4.00677e-16,					0,
				-1.41979,					0.0926954,					0.193041,					1
			]
			,"mesh": 8
			,"name": "Chain link-16"		}
,
		{
			"matrix": [
				-0.497489,					0.593584,					-0.632584,					0,
				0.141938,					0.775101,					0.615688,					0,
				0.855779,					0.21651,					-0.469856,					0,
				-1.74683,					0.210323,					-0.567495,					1
			]
			,"mesh": 9
			,"name": "Chain link Male-20"		}
,
		{
			"matrix": [
				0.818751,					1.29779e-15,					0.574149,					0,
				-0.574149,					3.76538e-17,					0.818751,					0,
				1.04094e-15,					-1,					7.75952e-16,					0,
				-1.44061,					0.0926954,					0.170027,					1
			]
			,"mesh": 10
			,"name": "Chain link-17"		}
,
		{
			"matrix": [
				-0.497489,					0.593584,					-0.632584,					0,
				0.141938,					0.775101,					0.615688,					0,
				0.855779,					0.21651,					-0.469856,					0,
				-1.77737,					0.210323,					-0.576451,					1
			]
			,"mesh": 11
			,"name": "Chain link Male-21"		}
,
		{
			"matrix": [
				-0.827783,					-2.75491e-15,					-0.561048,					0,
				0.561048,					1.06474e-16,					-0.827783,					0,
				2.3402e-15,					-1,					1.4575e-15,					0,
				-1.66597,					0.0926954,					0.276947,					1
			]
			,"mesh": 12
			,"name": "Chain link-7"		}
,
		{
			"matrix": [
				0.959596,					1.20706e-15,					0.281382,					0,
				-0.281382,					6.89819e-16,					0.959596,					0,
				9.64187e-16,					-1,					1.00159e-15,					0,
				-1.50163,					0.0926954,					0.151937,					1
			]
			,"mesh": 13
			,"name": "Chain link-19"		}
,
		{
			"matrix": [
				-0.959596,					-2.03227e-15,					0.281382,					0,
				-0.281382,					-1.46331e-15,					-0.959596,					0,
				2.36191e-15,					-1,					8.32344e-16,					0,
				-1.54311,					0.0926954,					0.266626,					1
			]
			,"mesh": 14
			,"name": "Chain link-11"		}
,
		{
			"matrix": [
				-0.497489,					0.593584,					-0.632584,					0,
				0.141938,					0.775101,					0.615688,					0,
				0.855779,					0.21651,					-0.469856,					0,
				-1.71629,					0.210323,					-0.55854,					1
			]
			,"mesh": 15
			,"name": "Chain link Male-19"		}
,
		{
			"matrix": [
				-0.690914,					0.593584,					-0.412669,					0,
				0.352862,					0.775101,					0.524125,					0,
				0.630973,					0.21651,					-0.744981,					0,
				-2.11082,					0.210323,					-0.464915,					1
			]
			,"mesh": 16
			,"name": "Chain link Male-24"		}
,
		{
			"matrix": [
				-0.215213,					-2.18714e-15,					-0.976567,					0,
				0.976567,					1.49505e-15,					-0.215213,					0,
				1.93072e-15,					-1,					1.81414e-15,					0,
				-1.70562,					0.0926954,					0.228983,					1
			]
			,"mesh": 17
			,"name": "Chain link-5"		}
,
		{
			"matrix": [
				-0.56136,					-2.60423e-15,					-0.827572,					0,
				0.827572,					8.55229e-16,					-0.56136,					0,
				2.16967e-15,					-1,					1.6751e-15,					0,
				-1.6904,					0.0926954,					0.256769,					1
			]
			,"mesh": 18
			,"name": "Chain link-6"		}
,
		{
			"matrix": [
				-0.959596,					-2.03227e-15,					0.281382,					0,
				-0.281382,					-1.46331e-15,					-0.959596,					0,
				2.36191e-15,					-1,					8.32344e-16,					0,
				-1.57365,					0.0926954,					0.275581,					1
			]
			,"mesh": 19
			,"name": "Chain link-10"		}
,
		{
			"matrix": [
				0.795869,					-6.42418e-17,					-0.605469,					0,
				0.605469,					2.00302e-15,					0.795869,					0,
				1.16164e-15,					-1,					1.63304e-15,					0,
				-1.68261,					0.0926954,					0.141406,					1
			]
			,"mesh": 20
			,"name": "Chain link-2"		}
,
		{
			"matrix": [
				0.515271,					-8.20074e-16,					-0.857027,					0,
				0.857027,					2.11281e-15,					0.515271,					0,
				1.38818e-15,					-1,					1.7915e-15,					0,
				-1.70143,					0.0926954,					0.166892,					1
			]
			,"mesh": 21
			,"name": "Chain link-3"		}
,
		{
			"matrix": [
				-0.959596,					-2.03227e-15,					0.281382,					0,
				-0.281382,					-1.46331e-15,					-0.959596,					0,
				2.36191e-15,					-1,					8.32344e-16,					0,
				-1.51257,					0.0926954,					0.25767,					1
			]
			,"mesh": 22
			,"name": "Chain link-12"		}
,
		{
			"matrix": [
				-0.739385,					-1.22092e-15,					0.673282,					0,
				-0.673282,					-1.87773e-15,					-0.739385,					0,
				2.16697e-15,					-1,					5.66348e-16,					0,
				-1.42474,					0.0926954,					0.223675,					1
			]
			,"mesh": 23
			,"name": "Chain link-15"		}
,
		{
			"matrix": [
				-0.959596,					-2.03227e-15,					0.281382,					0,
				-0.281382,					-1.46331e-15,					-0.959596,					0,
				2.36191e-15,					-1,					8.32344e-16,					0,
				-1.45149,					0.0926954,					0.23976,					1
			]
			,"mesh": 24
			,"name": "Chain link-14"		}
,
		{
			"matrix": [
				0.959596,					1.20706e-15,					0.281382,					0,
				-0.281382,					6.89819e-16,					0.959596,					0,
				9.64187e-16,					-1,					1.00159e-15,					0,
				-1.47109,					0.0926954,					0.160892,					1
			]
			,"mesh": 25
			,"name": "Chain link-18"		}
,
		{
			"matrix": [
				0.959596,					1.20706e-15,					0.281382,					0,
				-0.281382,					6.89819e-16,					0.959596,					0,
				9.64187e-16,					-1,					1.00159e-15,					0,
				-1.59325,					0.0926954,					0.125071,					1
			]
			,"mesh": 26
			,"name": "Chain link-22"		}
,
		{
			"matrix": [
				0.994084,					1.07145e-15,					0.108615,					0,
				-0.108615,					1.02012e-15,					0.994084,					0,
				9.54306e-16,					-1,					1.13046e-15,					0,
				-1.62442,					0.0926954,					0.119134,					1
			]
			,"mesh": 27
			,"name": "Chain link-23"		}
,
		{
			"matrix": [
				0.516086,					-8.18149e-16,					-0.856537,					0,
				0.856537,					2.1129e-15,					0.516086,					0,
				1.38754e-15,					-1,					1.79121e-15,					0,
				-1.7014,					0.0926954,					0.16682,					1
			]
			,"mesh": 28
			,"name": "Chain link-26"		}
,
		{
			"matrix": [
				-0.794582,					0.593584,					-0.127659,					0,
				0.521784,					0.775101,					0.356314,					0,
				0.310451,					0.21651,					-0.925604,					0,
				-2.32364,					0.210323,					-0.237893,					1
			]
			,"mesh": 29
			,"name": "Chain link Male-25"		}
,
		{
			"matrix": [
				0.959596,					1.20706e-15,					0.281382,					0,
				-0.281382,					6.89819e-16,					0.959596,					0,
				9.64187e-16,					-1,					1.00159e-15,					0,
				-1.56271,					0.0926954,					0.134026,					1
			]
			,"mesh": 30
			,"name": "Chain link-21"		}
,
		{
			"matrix": [
				0.963694,					5.98742e-16,					-0.267008,					0,
				0.267008,					1.62002e-15,					0.963694,					0,
				1.00956e-15,					-1,					1.40134e-15,					0,
				-1.65562,					0.0926954,					0.124666,					1
			]
			,"mesh": 31
			,"name": "Chain link-24"		}
,
		{
			"matrix": [
				0.796444,					-6.24213e-17,					-0.604712,					0,
				0.604712,					2.00238e-15,					0.796444,					0,
				1.16115e-15,					-1,					1.63253e-15,					0,
				-1.68255,					0.0926954,					0.141352,					1
			]
			,"mesh": 32
			,"name": "Chain link-25"		}
,
		{
			"matrix": [
				-0.664691,					0.593584,					0.4537,					0,
				0.623858,					0.775101,					-0.100098,					0,
				-0.41108,					0.21651,					-0.885515,					0,
				-2.43572,					0.210323,					0.362943,					1
			]
			,"mesh": 33
			,"name": "Chain link Male-27"		}
,
		{
			"matrix": [
				0.162435,					-1.56111e-15,					-0.986719,					0,
				0.986719,					1.93587e-15,					0.162435,					0,
				1.65658e-15,					-1,					1.85483e-15,					0,
				-1.70948,					0.0926954,					0.197456,					1
			]
			,"mesh": 34
			,"name": "Chain link-27"		}
,
		{
			"matrix": [
				-0.785407,					0.593584,					0.175481,					0,
				0.616605,					0.775101,					0.1379,					0,
				-0.0541605,					0.21651,					-0.974777,					0,
				-2.43732,					0.210323,					0.0517726,					1
			]
			,"mesh": 35
			,"name": "Chain link Male-26"		}
,
		{
			"matrix": [
				-0.86644,					-9.51209e-16,					0.499281,					0,
				-0.499281,					-8.53337e-16,					-0.86644,					0,
				1.25022e-15,					-1,					2.64444e-16,					0,
				-1.62544,					0.00646499,					0.203158,					1
			]
			,"mesh": 36
			,"name": "DrexlerV3-1"		}
,
		{
			"matrix": [
				-0.596116,					-1.20855e-16,					-0.802899,					0,
				-5.51453e-16,					1,					2.58905e-16,					0,
				0.802899,					5.97099e-16,					-0.596116,					0,
				-2.37033,					0.0324225,					-0.832475,					1
			]
			,"name": "Emrax mounting tab 1-5"		}
,
		{
			"matrix": [
				1,					0,					0,					0,
				0,					1,					0,					0,
				0,					0,					1,					0,
				0.00149244,					-2.60209e-18,					0.00618364,					1
			]
			,"name": "right emrax mount-1"		}
,
		{
			"matrix": [
				0.954548,					8.29742e-16,					-0.298056,					0,
				0.298056,					6.5516e-16,					0.954548,					0,
				1.01308e-15,					-1,					3.47461e-16,					0,
				-1.62544,					-0.00788501,					0.203158,					1
			]
			,"mesh": 37
			,"name": "Large Tulip-1"		}
,
		{
			"matrix": [
				-0.965748,					-1.21909e-15,					0.259483,					0,
				0.259483,					9.05735e-16,					0.965748,					0,
				-1.42247e-15,					1,					-5.64489e-16,					0,
				-1.62544,					0.043347,					0.203158,					1
			]
			,"mesh": 38
			,"name": "tentative rear rotor-1"		}
,
		{
			"matrix": [
				-1,					-1.02696e-15,					5.05364e-31,					0,
				4.93038e-32,					3.61017e-16,					1,					0,
				-1.02696e-15,					1,					-3.61017e-16,					0,
				-1.6256,					0.096715,					0.2032,					1
			]
			,"mesh": 39
			,"name": "Rear Sprocket tentative-1"		}
,
		{
			"matrix": [
				-0.500719,					-6.6289e-16,					0.86561,					0,
				0.86561,					9.79918e-16,					0.500719,					0,
				-1.18015e-15,					1,					8.31416e-17,					0,
				-1.62544,					0.041315,					0.203158,					1
			]
			,"mesh": 40
			,"name": "Diff Linkage (2024-25)-2"		}
,
		{
			"matrix": [
				-0.86644,					-8.8182e-16,					0.499281,					0,
				0.499281,					8.11703e-16,					0.86644,					0,
				-1.16931e-15,					1,					-2.63016e-16,					0,
				-1.62544,					0.09989,					0.203158,					1
			]
			,"mesh": 41
			,"name": "SprocketAdapter(tentative)-1"		}
,
		{
			"matrix": [
				0.693622,					-1.0548e-14,					0.720339,					0,
				-0.720339,					5.0743e-16,					0.693622,					0,
				-7.68187e-15,					-1,					-7.24619e-15,					0,
				-1.26646,					0.146371,					0.321583,					1
			]
			,"mesh": 42
			,"name": "emraxdriveshaft-1"		}
,
		{
			"matrix": [
				0.693622,					-6.79069e-16,					0.720339,					0,
				-1.3751e-15,					-1,					3.81392e-16,					0,
				0.720339,					-1.25508e-15,					-0.693622,					0,
				-1.45415,					0.0872154,					0.2032,					1
			]
			,"name": "Front Sprocket (13-teeth)-1"		}
,
		{
			"matrix": [
				2.01228e-16,					-1,					-3.63257e-16,					0,
				1.47383e-18,					3.63257e-16,					-1,					0,
				1,					2.01228e-16,					1.47383e-18,					0,
				-1.40688,					0.0622558,					0.2032,					1
			]
			,"name": "Emrax 228-2"		}
,
		{
			"matrix": [
				-0.112978,					3.77896e-16,					0.993597,					0,
				0.993597,					1.20345e-15,					0.112978,					0,
				-1.13104e-15,					1,					-5.1197e-16,					0,
				-1.62544,					0.019315,					0.203158,					1
			]
			,"mesh": 43
			,"name": "left tulip-1"		}
,
		{
			"matrix": [
				0.990187,					-2.80671e-17,					0.139748,					0,
				2.46462e-17,					1,					2.62102e-17,					0,
				-0.139748,					-2.25088e-17,					0.990187,					0,
				0.0236185,					0.0324225,					0.2388,					1
			]
			,"name": "Emrax mounting tab 1-3"		}
,
		{
			"matrix": [
				0.514885,					-2.51245e-16,					0.857259,					0,
				1.0597e-16,					1,					2.29432e-16,					0,
				-0.857259,					-2.72871e-17,					0.514885,					0,
				-0.567499,					0.0324225,					1.31721,					1
			]
			,"name": "Emrax mounting tab 1-4"		}
,
		{
			"matrix": [
				0.999955,					-2.07863e-18,					0.00949907,					0,
				2.13304e-18,					1,					-5.71738e-18,					0,
				-0.00949907,					5.73738e-18,					0.999955,					0,
				-0.000669685,					0.113497,					0.00203524,					1
			]
			,"name": "Emrax mounting tab 4-3"		}
,
		{
			"matrix": [
				1,					0,					0,					0,
				0,					1,					0,					0,
				0,					0,					1,					0,
				0.00149244,					0.10632,					0.00618364,					1
			]
			,"name": "left emrax mount-1"		}
,
		{
			"matrix": [
				-0.691306,					0.593584,					-0.412012,					0,
				0.35336,					0.775101,					0.52379,					0,
				0.630264,					0.21651,					-0.745581,					0,
				-2.11146,					0.210323,					-0.464454,					1
			]
			,"mesh": 44
			,"name": "Chain link Male-1"		}
,
		{
			"matrix": [
				1,					0,					0,					0,
				0,					1,					0,					0,
				0,					0,					1,					0,
				1.33227e-15,					-0.0086308,					-4.16334e-16,					1
			]
			,"mesh": 45
			,"name": "NewEmraxSprocket-1"		}
,
		{
			"matrix": [
				1,					0,					0,					0,
				0,					1,					0,					0,
				0,					0,					1,					0,
				1.33227e-15,					0.0066092,					-4.16334e-16,					1
			]
			,"mesh": 46
			,"name": "NewEmraxSprocket-2"		}
,
		{
			"children": [
				58
			]
			,"matrix": [
				-1.37629e-15,					-1,					4.53992e-16,					0,
				5.55112e-17,					4.53992e-16,					1,					0,
				-1,					1.37629e-15,					5.55112e-17,					0,
				-1.45415,					-0.030535,					0.2032,					1
			]
			,"name": "Emrax 228-3"		}
,
		{
			"children": [
				59, 60, 61, 62, 63, 64, 65, 66, 67, 68
			]
			,"name": "228_lc_resolver.step-1"		}
,
		{
			"matrix": [
				-1,					1.97215e-31,					1.72014e-31,					0,
				-1.47911e-31,					-0.381849,					0.924225,					0,
				-1.47911e-31,					0.924225,					0.381849,					0,
				0.0855,					0.039,					0,					1
			]
			,"mesh": 47
			,"name": "socket head cap screw_din_DIN 912 M8 x 20 --- 20N.step-3"		}
,
		{
			"mesh": 48
			,"name": "228_A01.step-1"		}
,
		{
			"name": "228_dodatki.step-1"		}
,
		{
			"matrix": [
				-1,					1.97215e-31,					1.72014e-31,					0,
				1.97215e-31,					0.281117,					-0.959673,					0,
				1.97215e-31,					-0.959673,					-0.281117,					0,
				0.0855,					-0.0195,					-0.033775,					1
			]
			,"mesh": 49
			,"name": "socket head cap screw_din_DIN 912 M8 x 20 --- 20N.step-1"		}
,
		{
			"matrix": [
				-1,					1.97215e-31,					1.72014e-31,					0,
				-1.47911e-31,					-0.381849,					0.924225,					0,
				-1.47911e-31,					0.924225,					0.381849,					0,
				0.0855,					0.0298757,					0.0250687,					1
			]
			,"mesh": 50
			,"name": "socket head cap screw_din_DIN 912 M8 x 20 --- 20N.step-2"		}
,
		{
			"matrix": [
				-1,					1.97215e-31,					1.72014e-31,					0,
				-1.47911e-31,					-0.381849,					0.924225,					0,
				-1.47911e-31,					0.924225,					0.381849,					0,
				0.0855,					-0.039,					0,					1
			]
			,"mesh": 51
			,"name": "socket head cap screw_din_DIN 912 M8 x 20 --- 20N.step-4"		}
,
		{
			"matrix": [
				-1,					1.97215e-31,					1.72014e-31,					0,
				9.86076e-32,					0.752129,					-0.659015,					0,
				-9.86076e-32,					-0.659015,					-0.752129,					0,
				0.0855,					0.0298757,					-0.0250687,					1
			]
			,"mesh": 52
			,"name": "socket head cap screw_din_DIN 912 M8 x 20 --- 20N.step-6"		}
,
		{
			"matrix": [
				-1,					1.97215e-31,					1.72014e-31,					0,
				-1.47911e-31,					-0.627782,					0.77839,					0,
				0,					0.77839,					0.627782,					0,
				0.0855,					0.00677228,					-0.0384075,					1
			]
			,"mesh": 53
			,"name": "socket head cap screw_din_DIN 912 M8 x 20 --- 20N.step-8"		}
,
		{
			"matrix": [
				-1,					1.97215e-31,					1.72014e-31,					0,
				4.33004e-32,					-0.523557,					0.85199,					0,
				2.58084e-31,					0.85199,					0.523557,					0,
				0.0855,					0.00677228,					0.0384075,					1
			]
			,"mesh": 54
			,"name": "socket head cap screw_din_DIN 912 M8 x 20 --- 20N.step-7"		}
,
		{
			"matrix": [
				-1,					1.97215e-31,					1.72014e-31,					0,
				-1.47911e-31,					-0.381849,					0.924225,					0,
				-1.47911e-31,					0.924225,					0.381849,					0,
				0.0855,					-0.0195,					0.033775,					1
			]
			,"mesh": 55
			,"name": "socket head cap screw_din_DIN 912 M8 x 20 --- 20N.step-5"		}
,
		{
			"matrix": [
				1,					0,					0,					0,
				0,					1,					0,					0,
				0,					0,					1,					0,
				1.11022e-15,					-0.166091,					-3.33067e-16,					1
			]
			,"mesh": 56
			,"name": "NewEmraxSprocket-3"		}
,
		{
			"matrix": [
				0.96344,					5.97285e-16,					-0.267924,					0,
				0.267924,					1.62128e-15,					0.96344,					0,
				1.00983e-15,					-1,					1.40198e-15,					0,
				-1.65569,					0.0926954,					0.124695,					1
			]
			,"mesh": 57
			,"name": "Chain link-1"		}
,
		{
			"matrix": [
				1,					0,					0,					0,
				0,					1,					0,					0,
				0,					0,					1,					0,
				1.11022e-15,					-0.181331,					-3.33067e-16,					1
			]
			,"mesh": 58
			,"name": "NewEmraxSprocket-4"		}
,
		{
			"matrix": [
				1,					-4.16561e-16,					1.24535e-31,					0,
				0,					-2.9896e-16,					-1,					0,
				4.16561e-16,					1,					-2.9896e-16,					0,
				1.36176e-15,					0.061465,					-4.09395e-16,					1
			]
			,"mesh": 59
			,"name": "New_top_emrax_mount-1"		}
,
		{
			"mesh": 60
			,"name": "Rightmountv3-1"		}
,
		{
			"name": "LeftEmraxmount-1"		}
,
		{
			"matrix": [
				1,					0,					0,					0,
				0,					1,					0,					0,
				0,					0,					1,					0,
				23.8444,					2.44804e-14,					-1.0182,					1
			]
			,"mesh": 61
			,"name": "Chainguard_V1-1"		}
,
		{
			"matrix": [
				1,					-4.16561e-16,					1.24535e-31,					0,
				0,					-2.9896e-16,					-1,					0,
				4.16561e-16,					1,					-2.9896e-16,					0,
				1.33227e-15,					-0.111235,					-3.33067e-16,					1
			]
			,"mesh": 62
			,"name": "New_top_emrax_mount-4"		}
,
		{
			"matrix": [
				1,					-4.16561e-16,					1.24535e-31,					0,
				0,					-2.9896e-16,					-1,					0,
				4.16561e-16,					1,					-2.9896e-16,					0,
				1.33227e-15,					-0.095995,					-3.33067e-16,					1
			]
			,"mesh": 63
			,"name": "New_top_emrax_mount-3"		}
,
		{
			"matrix": [
				1,					-4.16561e-16,					1.24535e-31,					0,
				0,					-2.9896e-16,					-1,					0,
				4.16561e-16,					1,					-2.9896e-16,					0,
				1.33227e-15,					0.076705,					-3.88578e-16,					1
			]
			,"mesh": 64
			,"name": "New_top_emrax_mount-2"		}
,
		{
			"mesh": 65
			,"name": "Right_Diff_Mount-1"		}
,
		{
			"matrix": [
				1,					0,					0,					0,
				0,					1,					0,					0,
				0,					0,					1,					0,
				1.33227e-15,					0.1727,					-4.44089e-16,					1
			]
			,"mesh": 66
			,"name": "Leftmountv3-1"		}
,
		{
			"matrix": [
				1,					0,					0,					0,
				0,					1,					0,					0,
				0,					0,					1,					0,
				-3.89547e-17,					0.1727,					2.30833e-15,					1
			]
			,"mesh": 67
			,"name": "Left_Diff_Mount-1"		}
,
		{
			"matrix": [
				-0.169869,					0.593584,					0.78664,					0,
				0.383644,					0.775101,					-0.502032,					0,
				-0.907723,					0.21651,					-0.359391,					0,
				-2.10331,					0.210323,					0.87671,					1
			]
			,"mesh": 68
			,"name": "Chain link Male-6"		}
,
		{
			"matrix": [
				0.760322,					0.593584,					0.263757,					0,
				-0.451949,					0.775101,					-0.441543,					0,
				-0.466532,					0.21651,					0.857596,					0,
				-0.887152,					0.210323,					0.721814,					1
			]
			,"mesh": 69
			,"name": "Chain link Male-14"		}
,
		{
			"matrix": [
				0.678691,					0.593584,					-0.432477,					0,
				-0.626709,					0.775101,					0.0803415,					0,
				0.382903,					0.21651,					0.898058,					0,
				-0.684588,					0.210323,					0.050846,					1
			]
			,"mesh": 70
			,"name": "Chain link Male-16"		}
,
		{
			"matrix": [
				0.0865556,					0.593584,					-0.800104,					0,
				-0.32896,					0.775101,					0.539448,					0,
				0.940369,					0.21651,					0.262355,					0,
				-1.09213,					0.210323,					-0.492771,					1
			]
			,"mesh": 71
			,"name": "Chain link Male-17"		}
,
		{
			"matrix": [
				0.774566,					0.593584,					0.218416,					0,
				-0.477225,					0.775101,					-0.414095,					0,
				-0.415095,					0.21651,					0.88364,					0,
				-0.829722,					0.210323,					0.676918,					1
			]
			,"mesh": 72
			,"name": "Chain link Male-15"		}
,
		{
			"matrix": [
				0.990187,					-2.80671e-17,					0.139748,					0,
				2.46462e-17,					1,					2.62102e-17,					0,
				-0.139748,					-2.25088e-17,					0.990187,					0,
				0.0236185,					0.138743,					0.2388,					1
			]
			,"name": "Emrax mounting tab 1-8"		}
,
		{
			"matrix": [
				-0.794703,					0.593584,					-0.126903,					0,
				0.522123,					0.775101,					0.355818,					0,
				0.309571,					0.21651,					-0.925899,					0,
				-2.32406,					0.210323,					-0.237229,					1
			]
			,"mesh": 73
			,"name": "Chain link Male-2"		}
,
		{
			"matrix": [
				-0.78524,					0.593584,					0.176228,					0,
				0.616736,					0.775101,					0.137314,					0,
				-0.0550874,					0.21651,					-0.974725,					0,
				-2.43746,					0.210323,					0.0525446,					1
			]
			,"mesh": 74
			,"name": "Chain link Male-3"		}
,
		{
			"matrix": [
				-0.448943,					0.593584,					0.667913,					0,
				0.542204,					0.775101,					-0.324396,					0,
				-0.710257,					0.21651,					-0.66982,					0,
				-2.31865,					0.210323,					0.652087,					1
			]
			,"mesh": 75
			,"name": "Chain link Male-5"		}
,
		{
			"matrix": [
				0.417592,					0.593584,					0.68795,					0,
				-0.066672,					0.775101,					-0.62831,					0,
				-0.906185,					0.21651,					0.363251,					0,
				-1.50931,					0.210323,					1.02069,					1
			]
			,"mesh": 76
			,"name": "Chain link Male-8"		}
,
		{
			"matrix": [
				-0.664259,					0.593584,					0.454332,					0,
				0.623763,					0.775101,					-0.100691,					0,
				-0.411922,					0.21651,					-0.885123,					0,
				-2.43557,					0.210323,					0.363713,					1
			]
			,"mesh": 77
			,"name": "Chain link Male-4"		}
,
		{
			"matrix": [
				0.64255,					0.593584,					0.484549,					0,
				-0.294476,					0.775101,					-0.559019,					0,
				-0.707399,					0.21651,					0.672837,					0,
				-1.21501,					0.210323,					0.919603,					1
			]
			,"mesh": 78
			,"name": "Chain link Male-9"		}
,
		{
			"matrix": [
				0.760322,					0.593584,					0.263757,					0,
				-0.451949,					0.775101,					-0.441543,					0,
				-0.466532,					0.21651,					0.857596,					0,
				-0.978773,					0.210323,					0.74868,					1
			]
			,"mesh": 79
			,"name": "Chain link Male-11"		}
,
		{
			"matrix": [
				0.999955,					-2.07863e-18,					0.00949907,					0,
				2.13304e-18,					1,					-5.71738e-18,					0,
				-0.00949907,					5.73738e-18,					0.999955,					0,
				-0.000669685,					0.219817,					0.00203524,					1
			]
			,"name": "Emrax mounting tab 4-4"		}
,
		{
			"matrix": [
				0.514885,					-2.51245e-16,					0.857259,					0,
				1.0597e-16,					1,					2.29432e-16,					0,
				-0.857259,					-2.72871e-17,					0.514885,					0,
				-0.567499,					0.138743,					1.31721,					1
			]
			,"name": "Emrax mounting tab 1-7"		}
,
		{
			"matrix": [
				0.133329,					0.593584,					0.793651,					0,
				0.1706,					0.775101,					-0.60837,					0,
				-0.976278,					0.21651,					0.00207803,					0,
				-1.82012,					0.210323,					1.00568,					1
			]
			,"mesh": 80
			,"name": "Chain link Male-7"		}
,
		{
			"matrix": [
				-0.596116,					-1.20855e-16,					-0.802899,					0,
				-5.51453e-16,					1,					2.58905e-16,					0,
				0.802899,					5.97099e-16,					-0.596116,					0,
				-2.37033,					0.138743,					-0.832475,					1
			]
			,"name": "Emrax mounting tab 1-6"		}
,
		{
			"matrix": [
				0.760322,					0.593584,					0.263757,					0,
				-0.451949,					0.775101,					-0.441543,					0,
				-0.466532,					0.21651,					0.857596,					0,
				-0.948233,					0.210323,					0.739724,					1
			]
			,"mesh": 81
			,"name": "Chain link Male-12"		}
,
		{
			"matrix": [
				0.760322,					0.593584,					0.263757,					0,
				-0.451949,					0.775101,					-0.441543,					0,
				-0.466532,					0.21651,					0.857596,					0,
				-0.917692,					0.210323,					0.730769,					1
			]
			,"mesh": 82
			,"name": "Chain link Male-13"		}
,
		{
			"matrix": [
				0.75978,					0.593584,					0.265317,					0,
				-0.451042,					0.775101,					-0.44247,					0,
				-0.46829,					0.21651,					0.856637,					0,
				-1.01029,					0.210323,					0.758823,					1
			]
			,"mesh": 83
			,"name": "Chain link Male-10"		}
	],
	"cameras": [
		{
			"type": "orthographic",
			"orthographic" : {
				"xmag": 1,
				"ymag" : 1,
				"zfar" : 100,
				"znear" : 0.01
			}
		}
	],
	"meshes" : [
		{
			"primitives" : [
				{
					"attributes" : {
					"POSITION" : 1,
					"NORMAL" : 2,
					"TEXCOORD_0" : 3
					},
					"indices" : 0,
					"mode": 4,
					"material" : 0
					,"extensions": {
					"KHR_draco_mesh_compression": {
					"bufferView": 0,
					"attributes" : {
					"POSITION": 0,
					"NORMAL" : 1,
					"TEXCOORD_0" : 2
					}
					}
					}
				}
			]
		},
		{
			"primitives" : [
				{
					"attributes" : {
					"POSITION" : 5,
					"NORMAL" : 6,
					"TEXCOORD_0" : 7
					},
					"indices" : 4,
					"mode": 4,
					"material" : 0
					,"extensions": {
					"KHR_draco_mesh_compression": {
					"bufferView": 1,
					"attributes" : {
					"POSITION": 0,
					"NORMAL" : 1,
					"TEXCOORD_0" : 2
					}
					}
					}
				}
			]
		},
		{
			"primitives" : [
				{
					"attributes" : {
					"POSITION" : 9,
					"NORMAL" : 10,
					"TEXCOORD_0" : 11
					},
					"indices" : 8,
					"mode": 4,
					"material" : 0
					,"extensions": {
					"KHR_draco_mesh_compression": {
					"bufferView": 2,
					"attributes" : {
					"POSITION": 0,
					"NORMAL" : 1,
					"TEXCOORD_0" : 2
					}
					}
					}
				}
			]
		},
		{
			"primitives" : [
				{
					"attributes" : {
					"POSITION" : 13,
					"NORMAL" : 14,
					"TEXCOORD_0" : 15
					},
					"indices" : 12,
					"mode": 4,
					"material" : 0
					,"extensions": {
					"KHR_draco_mesh_compression": {
					"bufferView": 3,
					"attributes" : {
					"POSITION": 0,
					"NORMAL" : 1,
					"TEXCOORD_0" : 2
					}
					}
					}
				}
			]
		},
		{
			"primitives" : [
				{
					"attributes" : {
					"POSITION" : 17,
					"NORMAL" : 18,
					"TEXCOORD_0" : 19
					},
					"indices" : 16,
					"mode": 4,
					"material" : 0
					,"extensions": {
					"KHR_draco_mesh_compression": {
					"bufferView": 4,
					"attributes" : {
					"POSITION": 0,
					"NORMAL" : 1,
					"TEXCOORD_0" : 2
					}
					}
					}
				}
			]
		},
		{
			"primitives" : [
				{
					"attributes" : {
					"POSITION" : 21,
					"NORMAL" : 22,
					"TEXCOORD_0" : 23
					},
					"indices" : 20,
					"mode": 4,
					"material" : 0
					,"extensions": {
					"KHR_draco_mesh_compression": {
					"bufferView": 5,
					"attributes" : {
					"POSITION": 0,
					"NORMAL" : 1,
					"TEXCOORD_0" : 2
					}
					}
					}
				}
			]
		},
		{
			"primitives" : [
				{
					"attributes" : {
					"POSITION" : 25,
					"NORMAL" : 26,
					"TEXCOORD_0" : 27
					},
					"indices" : 24,
					"mode": 4,
					"material" : 0
					,"extensions": {
					"KHR_draco_mesh_compression": {
					"bufferView": 6,
					"attributes" : {
					"POSITION": 0,
					"NORMAL" : 1,
					"TEXCOORD_0" : 2
					}
					}
					}
				}
			]
		},
		{
			"primitives" : [
				{
					"attributes" : {
					"POSITION" : 29,
					"NORMAL" : 30,
					"TEXCOORD_0" : 31
					},
					"indices" : 28,
					"mode": 4,
					"material" : 0
					,"extensions": {
					"KHR_draco_mesh_compression": {
					"bufferView": 7,
					"attributes" : {
					"POSITION": 0,
					"NORMAL" : 1,
					"TEXCOORD_0" : 2
					}
					}
					}
				}
			]
		},
		{
			"primitives" : [
				{
					"attributes" : {
					"POSITION" : 33,
					"NORMAL" : 34,
					"TEXCOORD_0" : 35
					},
					"indices" : 32,
					"mode": 4,
					"material" : 0
					,"extensions": {
					"KHR_draco_mesh_compression": {
					"bufferView": 8,
					"attributes" : {
					"POSITION": 0,
					"NORMAL" : 1,
					"TEXCOORD_0" : 2
					}
					}
					}
				}
			]
		},
		{
			"primitives" : [
				{
					"attributes" : {
					"POSITION" : 37,
					"NORMAL" : 38,
					"TEXCOORD_0" : 39
					},
					"indices" : 36,
					"mode": 4,
					"material" : 0
					,"extensions": {
					"KHR_draco_mesh_compression": {
					"bufferView": 9,
					"attributes" : {
					"POSITION": 0,
					"NORMAL" : 1,
					"TEXCOORD_0" : 2
					}
					}
					}
				}
			]
		},
		{
			"primitives" : [
				{
					"attributes" : {
					"POSITION" : 41,
					"NORMAL" : 42,
					"TEXCOORD_0" : 43
					},
					"indices" : 40,
					"mode": 4,
					"material" : 0
					,"extensions": {
					"KHR_draco_mesh_compression": {
					"bufferView": 10,
					"attributes" : {
					"POSITION": 0,
					"NORMAL" : 1,
					"TEXCOORD_0" : 2
					}
					}
					}
				}
			]
		},
		{
			"primitives" : [
				{
					"attributes" : {
					"POSITION" : 45,
					"NORMAL" : 46,
					"TEXCOORD_0" : 47
					},
					"indices" : 44,
					"mode": 4,
					"material" : 0
					,"extensions": {
					"KHR_draco_mesh_compression": {
					"bufferView": 11,
					"attributes" : {
					"POSITION": 0,
					"NORMAL" : 1,
					"TEXCOORD_0" : 2
					}
					}
					}
				}
			]
		},
		{
			"primitives" : [
				{
					"attributes" : {
					"POSITION" : 49,
					"NORMAL" : 50,
					"TEXCOORD_0" : 51
					},
					"indices" : 48,
					"mode": 4,
					"material" : 0
					,"extensions": {
					"KHR_draco_mesh_compression": {
					"bufferView": 12,
					"attributes" : {
					"POSITION": 0,
					"NORMAL" : 1,
					"TEXCOORD_0" : 2
					}
					}
					}
				}
			]
		},
		{
			"primitives" : [
				{
					"attributes" : {
					"POSITION" : 53,
					"NORMAL" : 54,
					"TEXCOORD_0" : 55
					},
					"indices" : 52,
					"mode": 4,
					"material" : 0
					,"extensions": {
					"KHR_draco_mesh_compression": {
					"bufferView": 13,
					"attributes" : {
					"POSITION": 0,
					"NORMAL" : 1,
					"TEXCOORD_0" : 2
					}
					}
					}
				}
			]
		},
		{
			"primitives" : [
				{
					"attributes" : {
					"POSITION" : 57,
					"NORMAL" : 58,
					"TEXCOORD_0" : 59
					},
					"indices" : 56,
					"mode": 4,
					"material" : 0
					,"extensions": {
					"KHR_draco_mesh_compression": {
					"bufferView": 14,
					"attributes" : {
					"POSITION": 0,
					"NORMAL" : 1,
					"TEXCOORD_0" : 2
					}
					}
					}
				}
			]
		},
		{
			"primitives" : [
				{
					"attributes" : {
					"POSITION" : 61,
					"NORMAL" : 62,
					"TEXCOORD_0" : 63
					},
					"indices" : 60,
					"mode": 4,
					"material" : 0
					,"extensions": {
					"KHR_draco_mesh_compression": {
					"bufferView": 15,
					"attributes" : {
					"POSITION": 0,
					"NORMAL" : 1,
					"TEXCOORD_0" : 2
					}
					}
					}
				}
			]
		},
		{
			"primitives" : [
				{
					"attributes" : {
					"POSITION" : 65,
					"NORMAL" : 66,
					"TEXCOORD_0" : 67
					},
					"indices" : 64,
					"mode": 4,
					"material" : 0
					,"extensions": {
					"KHR_draco_mesh_compression": {
					"bufferView": 16,
					"attributes" : {
					"POSITION": 0,
					"NORMAL" : 1,
					"TEXCOORD_0" : 2
					}
					}
					}
				}
			]
		},
		{
			"primitives" : [
				{
					"attributes" : {
					"POSITION" : 69,
					"NORMAL" : 70,
					"TEXCOORD_0" : 71
					},
					"indices" : 68,
					"mode": 4,
					"material" : 0
					,"extensions": {
					"KHR_draco_mesh_compression": {
					"bufferView": 17,
					"attributes" : {
					"POSITION": 0,
					"NORMAL" : 1,
					"TEXCOORD_0" : 2
					}
					}
					}
				}
			]
		},
		{
			"primitives" : [
				{
					"attributes" : {
					"POSITION" : 73,
					"NORMAL" : 74,
					"TEXCOORD_0" : 75
					},
					"indices" : 72,
					"mode": 4,
					"material" : 0
					,"extensions": {
					"KHR_draco_mesh_compression": {
					"bufferView": 18,
					"attributes" : {
					"POSITION": 0,
					"NORMAL" : 1,
					"TEXCOORD_0" : 2
					}
					}
					}
				}
			]
		},
		{
			"primitives" : [
				{
					"attributes" : {
					"POSITION" : 77,
					"NORMAL" : 78,
					"TEXCOORD_0" : 79
					},
					"indices" : 76,
					"mode": 4,
					"material" : 0
					,"extensions": {
					"KHR_draco_mesh_compression": {
					"bufferView": 19,
					"attributes" : {
					"POSITION": 0,
					"NORMAL" : 1,
					"TEXCOORD_0" : 2
					}
					}
					}
				}
			]
		},
		{
			"primitives" : [
				{
					"attributes" : {
					"POSITION" : 81,
					"NORMAL" : 82,
					"TEXCOORD_0" : 83
					},
					"indices" : 80,
					"mode": 4,
					"material" : 0
					,"extensions": {
					"KHR_draco_mesh_compression": {
					"bufferView": 20,
					"attributes" : {
					"POSITION": 0,
					"NORMAL" : 1,
					"TEXCOORD_0" : 2
					}
					}
					}
				}
			]
		},
		{
			"primitives" : [
				{
					"attributes" : {
					"POSITION" : 85,
					"NORMAL" : 86,
					"TEXCOORD_0" : 87
					},
					"indices" : 84,
					"mode": 4,
					"material" : 0
					,"extensions": {
					"KHR_draco_mesh_compression": {
					"bufferView": 21,
					"attributes" : {
					"POSITION": 0,
					"NORMAL" : 1,
					"TEXCOORD_0" : 2
					}
					}
					}
				}
			]
		},
		{
			"primitives" : [
				{
					"attributes" : {
					"POSITION" : 89,
					"NORMAL" : 90,
					"TEXCOORD_0" : 91
					},
					"indices" : 88,
					"mode": 4,
					"material" : 0
					,"extensions": {
					"KHR_draco_mesh_compression": {
					"bufferView": 22,
					"attributes" : {
					"POSITION": 0,
					"NORMAL" : 1,
					"TEXCOORD_0" : 2
					}
					}
					}
				}
			]
		},
		{
			"primitives" : [
				{
					"attributes" : {
					"POSITION" : 93,
					"NORMAL" : 94,
					"TEXCOORD_0" : 95
					},
					"indices" : 92,
					"mode": 4,
					"material" : 0
					,"extensions": {
					"KHR_draco_mesh_compression": {
					"bufferView": 23,
					"attributes" : {
					"POSITION": 0,
					"NORMAL" : 1,
					"TEXCOORD_0" : 2
					}
					}
					}
				}
			]
		},
		{
			"primitives" : [
				{
					"attributes" : {
					"POSITION" : 97,
					"NORMAL" : 98,
					"TEXCOORD_0" : 99
					},
					"indices" : 96,
					"mode": 4,
					"material" : 0
					,"extensions": {
					"KHR_draco_mesh_compression": {
					"bufferView": 24,
					"attributes" : {
					"POSITION": 0,
					"NORMAL" : 1,
					"TEXCOORD_0" : 2
					}
					}
					}
				}
			]
		},
		{
			"primitives" : [
				{
					"attributes" : {
					"POSITION" : 101,
					"NORMAL" : 102,
					"TEXCOORD_0" : 103
					},
					"indices" : 100,
					"mode": 4,
					"material" : 0
					,"extensions": {
					"KHR_draco_mesh_compression": {
					"bufferView": 25,
					"attributes" : {
					"POSITION": 0,
					"NORMAL" : 1,
					"TEXCOORD_0" : 2
					}
					}
					}
				}
			]
		},
		{
			"primitives" : [
				{
					"attributes" : {
					"POSITION" : 105,
					"NORMAL" : 106,
					"TEXCOORD_0" : 107
					},
					"indices" : 104,
					"mode": 4,
					"material" : 0
					,"extensions": {
					"KHR_draco_mesh_compression": {
					"bufferView": 26,
					"attributes" : {
					"POSITION": 0,
					"NORMAL" : 1,
					"TEXCOORD_0" : 2
					}
					}
					}
				}
			]
		},
		{
			"primitives" : [
				{
					"attributes" : {
					"POSITION" : 109,
					"NORMAL" : 110,
					"TEXCOORD_0" : 111
					},
					"indices" : 108,
					"mode": 4,
					"material" : 0
					,"extensions": {
					"KHR_draco_mesh_compression": {
					"bufferView": 27,
					"attributes" : {
					"POSITION": 0,
					"NORMAL" : 1,
					"TEXCOORD_0" : 2
					}
					}
					}
				}
			]
		},
		{
			"primitives" : [
				{
					"attributes" : {
					"POSITION" : 113,
					"NORMAL" : 114,
					"TEXCOORD_0" : 115
					},
					"indices" : 112,
					"mode": 4,
					"material" : 0
					,"extensions": {
					"KHR_draco_mesh_compression": {
					"bufferView": 28,
					"attributes" : {
					"POSITION": 0,
					"NORMAL" : 1,
					"TEXCOORD_0" : 2
					}
					}
					}
				}
			]
		},
		{
			"primitives" : [
				{
					"attributes" : {
					"POSITION" : 117,
					"NORMAL" : 118,
					"TEXCOORD_0" : 119
					},
					"indices" : 116,
					"mode": 4,
					"material" : 0
					,"extensions": {
					"KHR_draco_mesh_compression": {
					"bufferView": 29,
					"attributes" : {
					"POSITION": 0,
					"NORMAL" : 1,
					"TEXCOORD_0" : 2
					}
					}
					}
				}
			]
		},
		{
			"primitives" : [
				{
					"attributes" : {
					"POSITION" : 121,
					"NORMAL" : 122,
					"TEXCOORD_0" : 123
					},
					"indices" : 120,
					"mode": 4,
					"material" : 0
					,"extensions": {
					"KHR_draco_mesh_compression": {
					"bufferView": 30,
					"attributes" : {
					"POSITION": 0,
					"NORMAL" : 1,
					"TEXCOORD_0" : 2
					}
					}
					}
				}
			]
		},
		{
			"primitives" : [
				{
					"attributes" : {
					"POSITION" : 125,
					"NORMAL" : 126,
					"TEXCOORD_0" : 127
					},
					"indices" : 124,
					"mode": 4,
					"material" : 0
					,"extensions": {
					"KHR_draco_mesh_compression": {
					"bufferView": 31,
					"attributes" : {
					"POSITION": 0,
					"NORMAL" : 1,
					"TEXCOORD_0" : 2
					}
					}
					}
				}
			]
		},
		{
			"primitives" : [
				{
					"attributes" : {
					"POSITION" : 129,
					"NORMAL" : 130,
					"TEXCOORD_0" : 131
					},
					"indices" : 128,
					"mode": 4,
					"material" : 0
					,"extensions": {
